236700
230676
62038
204966
198471
204222
225826
229995
239751
205108
223864
198349
198473
198509
201534
201793
212982
227885
204847
204409
223644
231552
213619
237039
220445
230903
202370
198467
199786
201875
211906
279065
276214
278377
277930
115976
110491
111471
107252
107256
109544
114048
119501
108477
114908
109008
106978
109534
115656
113131
114439
124011
131483
115317
113135
115467
115719
115561
113361
108325
112088
114749
116190
115655
107883
111269
115247
111072
107243
116022
107263
124961
120506
112245
115432
111577
116928
114579
112099
112623
114547
113117
112100
107888
112626
121775
111466
117940
110054
111887
111888
119334
114505
124148
113364
118001
121687
125479
120343
122783
114264
116962
116162
112115
108578
116115
114548
125182
111075
115435
117974
116238
113182
117485
115035
123332
110713
123506
110712
134384
114353
119814
110730
110728
116004
126621
116886
124642
110721
122884
124090
135642
116637
123161
111529
115670
126617
119229
111173
120905
107497
126182
126396
114127
109280
106987
106994
109282
115862
111824
122368
136043
121023
116804
113345
112989
114535
128464
120480
115153
111139
107496
109908
114406
43683
38487
44045
38394
41261
40671
45812
53446
40003
42822
46290
41528
46021
44282
44778
39908
40911
40687
41254
43898
57116
43032
47764
43773
39794
37708
49099
39253
51475
56110
37811
48459
43989
44279
37979
43583
38481
55998
42940
52514
53293
44597
42632
41056
41040
42335
533114
53122
51793
37696
40972
43176
45545
38001
46244
45156
44454
37642
37939
41092
47136
42145
43045
38595
234661
201472
211038
202205
198584
220584
205088
198403
220457
204580
202488
198470
211525
200077
231910
205077
204524
228422
198226
211181
241197
220286
199790
199847
199985
217615
218060
212555
211808
202110
203139
229745
203014
235693
228439
199485
199486
250837
250042
116757
122781
117673
112183
112809
117544
119726
121849
114572
106596
107265
107266
250730
120076
110369
108403
113264
113146
112146
117417
110036
111584
106602
114593
116146
106604
107123
111849
107572
107917
119446
124712
111669
113021
113023
113024
107880
110866
115173
110386
114047
276589
106868
106573
108901
120614
113262
115688
122879
120349
106566
106696
116929
115415
115402
110742
115399
107282
107280
107279
116960
1529294
110567
123617
124202
110193
115803
108332
115404
123676
127416
112347
115987
116723
115755
112707
108868
112094
108372
109558
109389
109420
109535
112616
117939
108517
109432
114101
110771
111048
109422
112102
111655
111570
112117
112644
106575
112103
110959
107623
109530
109433
108025
110766
109821
109822
114296
109425
114731
111521
111866
110103
120226
113777
114212
112218
109423
112767
123876
118041
112438
112439
112440
132934
112442
121996
123196
106920
111132
121725
120301
106822
108823
120278
129054
116806
115312
107995
116700
109622
120960
112080
111614
114775
108276
112064
120824
125187
114266
113218
116240
106534
123290
115401
115400
118953
119368
117567
110642
121922
120236
111553
111561
111840
125035
112038
121820
115366
112352
119289
121234
120311
125211
113018
119210
119007
116944
107262
113036
116500
131183
112941
116741
115716
113260
108073
107949
130887
121381
122426
113124
106936
115437
126665
107271
122451
116167
116769
123354
115613
115934
122826
108017
119699
119947
111597
119025
121155
116160
121955
116802
109541
115780
125730
109894
122521
126822
130168
110106
110109
110185
110221
123856
116794
131952
115108
121253
118976
110978
110979
116831
122098
111073
109180
114966
115434
111366
111367
114467
111475
111575
127987
117254
116152
116397
112300
128394
117386
116158
127757
123510
117543
123529
121217
120875
121318
116169
121845
115807
108481
112742
114461
120410
27931
17521
22669
2451
10474
20608
3033
3326
5729
2510
28674
12088
12050
202861
201379
234710
229989
198131
199772
200046
215766
208476
201877
200078
199688
198821
198822
212793
199607
201024
198439
198441
198442
198440
198431
212190
198430
198432
198433
237222
204861
203101
203104
222341
279132
276316
278460
279561
278427
278232
39499
44074
37112
111372
110128
276458
275831
275624
115009
115076
114299
113102
228724
119126
106876
106877
117128
125030
115333
110381
106851
115332
139275
106808
107982
120371
116281
128685
115887
109909
110428
111126
119315
113115
121890
116539
113164
114030
112296
115747
116365
112482
111909
112486
115624
112483
122506
110857
113894
115602
112489
115778
125018
112485
121559
112479
115696
119672
127204
110409
1529363
115141
110304
106644
114164
109040
116185
109345
117076
113147
130316
118799
116164
116139
120868
106707
126558
115801
123774
125063
107000
608990
122730
122831
126270
123657
120267
126282
124029
107579
123531
118865
122417
107746
107747
110616
107720
114778
107722
107730
107733
107738
107740
107763
108065
116571
121157
108087
108336
108409
115267
117691
117980
109001
109081
109302
128172
109547
118165
121428
125311
114762
115646
128692
110437
113752
117389
118846
122732
119264
121999
119304
121269
115534
122360
115894
125981
119270
110778
110782
119292
110796
120026
110793
110799
110801
110802
110809
126402
124035
120280
111017
111024
111264
116459
116811
123135
126015
125200
117342
125645
136928
112368
118993
125351
125245
117722
939591
124736
108042
117725
119451
115201
123218
119573
120248
115954
118965
120257
115773
111354
126065
118790
115919
111822
116873
125592
123288
116699
125631
108357
116973
122747
111212
123155
116193
128962
117326
120099
120308
106607
119711
106623
124979
121991
106814
116608
111420
111422
124407
120605
107125
123254
113283
108853
129629
112795
120544
122163
111821
119537
115342
107036
114036
114739
121422
116768
115055
136426
119319
127324
120160
116936
115090
120882
114737
113796
120219
115246
115853
124527
127612
120787
116729
112212
112870
107596
108418
130039
124064
115031
113759
121398
120092
116170
14496
23540
15799
5182
23275
20261
13118
25015
12388
27491
7503
26398
22542
18756
17769
21195
15835
24584
7206
15645
24122
15577
12774
21770
1211
13968
11726
12841
25142
17518
248359
13831
16238
213348
230085
199968
231217
198446
220499
204558
229973
234757
199049
197951
211593
230879
199610
201894
110145
111657
106997
111807
117132
108071
106845
119286
115419
119690
113624
130650
115429
116456
114109
116138
113271
114738
117542
109322
114475
114477
110762
115408
116400
111823
118159
113292
113346
120262
112802
125936
117311
112791
107685
107677
111766
107681
107975
108621
111537
114752
123210
124220
119231
107743
108354
111790
120855
116475
118141
106824
111921
128076
119339
108472
108384
112586
106783
112588
112481
108385
108386
108474
115417
123841
108383
110501
113353
108380
121751
108822
112037
110186
111384
108484
108473
108483
113344
110115
111825
108379
113350
116753
114567
136932
127889
124721
126131
106652
113895
112991
112980
116745
119066
120933
115718
111114
109915
114053
113162
112622
109914
107261
112488
106898
106574
113444
114468
115138
122777
129584
120849
116588
122015
115095
113843
115418
111245
1172600
159261
159260
116457
182329
158649
112193
113010
112190
112179
112185
110308
113252
111256
122494
115669
112194
119474
124004
124285
124984
112592
108551
106685
108538
125836
112181
115818
121356
121403
125321
940453
110358
110359
112188
128065
113915
124540
121265
116026
129510
117496
117502
124511
111156
120841
115016
116059
120032
114626
127129
115253
121636
128403
106713
119727
115872
115865
120011
122508
117129
129759
114515
126612
114162
115008
118952
125404
108939
125551
122994
122413
111041
114692
127845
114068
124987
123699
116519
115661
124701
108598
110380
123976
123992
128362
123838
109919
120493
124936
123570
111547
111548
124197
117717
112873
108523
123998
119306
121460
116751
125222
107077
116918
123122
121885
115093
123938
124959
123189
123912
113034
110449
113383
128497
113490
114055
119592
113351
120743
110727
109217
119527
119417
121693
122331
119983
117393
122435
108388
111155
117414
122827
118043
125533
122926
127357
112206
112204
676764
249597
247770
107276
107846
113040
112651
116097
106990
106825
118787
119222
110314
118166
111085
111098
111493
116381
113363
113365
116168
113366
113241
106721
106719
106961
107169
108220
108562
112560
112620
113165
4263558
127308
106668
109263
107274
114947
674968
112187
116332
109512
116633
111474
107539
108930
124396
204372
106848
31930
32107
35644
33115
114226
110768
131181
124651
123216
111975
110493
114031
112582
109067
277958
279474
278145
1028587
1028402
115359
109825
107244
107230
110812
121386
115365
110716
115990
109230
113157
114045
114546
115292
113003
118948
112332
113287
115573
113015
125858
119626
116367
112534
112328
124194
112330
112627
112326
129936
114709
113008
116466
112703
115788
112945
124536
113028
110279
110274
110276
113119
116643
114021
129568
120253
119547
112186
116016
127001
115563
116291
569275
118978
118878
120705
121507
117497
117755
111829
125412
125945
114792
133896
117515
117519
109531
116701
119722
107871
117369
122474
117429
117421
113833
116966
113662
127867
120829
121334
123136
127556
127764
120230
116340
131513
116852
122560
119643
128743
108174
110166
117618
121727
120923
127903
126417
122281
120788
114257
124399
107470
120494
112556
120720
108995
128475
113198
115533
127705
119303
115642
111679
111675
114930
120037
120041
115270
127024
116385
120873
125215
109840
127433
123954
108074
116867
123045
112682
123851
122172
123653
111687
119788
116953
127093
114274
123692
126920
125728
114011
115863
111618
123312
119782
111316
111839
124809
123523
121210
122313
113207
121970
111213
116098
128632
116710
116748
120881
116628
108221
34647
34570
31248
34329
35645
32210
36987
36535
31214
32598
34412
32028
32420
31419
31716
36915
36692
33991
36269
31210
34649
33200
33238
35589
32446
36251
31882
34704
33445
33380
35653
31727
31451
33836
34464
32877
34790
34812
36143
34080
32667
33164
32813
32412
35285
31737
34711
33144
35110
34006
34437
33111
32712
33955
32207
32626
34067
35560
32081
32831
31265
32650
33337
35280
34387
33860
36695
35861
33822
34460
34441
31480
35921
31166
31816
32752
32910
32924
32247
32282
32344
36757
31143
31136
31152
33184
33010
33279
33392
33504
36459
36612
34967
33829
33963
34157
31264
31702
35378
35757
35744
35632
34743
35428
34090
31041
32258
36693
32296
33281
32998
35495
35627
35287
31142
36158
33743
32637
30954
30988
31040
31896
31983
32048
32182
32203
32213
32329
32450
32540
36905
33080
33344
33467
33481
36461
36562
36575
34846
34902
34956
33658
33662
33807
33808
33895
34053
34185
31266
31245
31331
31460
31463
31469
31594
31601
31604
31615
31643
31645
35132
35231
35474
35479
35733
35831
34522
34534
34626
34658
35924
35959
36009
36028
36089
36110
36113
36125
36221
36057
36261
31692
32038
31965
31960
32066
32225
33569
33762
34628
31825
32195
32236
32388
32490
32493
36896
31138
33135
33360
33365
33524
36606
34944
34873
35002
34199
31320
31351
31456
35721
35701
34576
36150
36023
36299
32115
32137
32289
33151
36625
33814
32437
33938
35876
34699
36075
33348
33388
33833
34127
31400
35487
35681
36091
32136
32257
32392
33405
33701
31302
31509
35783
35773
34293
36169
31724
31801
30980
32040
31954
31937
31913
32117
32142
32242
32248
32280
32354
32355
36877
31141
31130
31117
31107
31102
31153
33244
33224
33182
33176
33110
33246
33316
33317
33335
33342
36497
36518
36624
34882
34845
33756
33755
33726
33671
33666
33586
33832
33868
34110
34044
31222
31340
31374
31387
31436
31466
31483
31489
31559
31562
31602
31689
31717
35064
35080
35079
35075
35375
35460
35470
35762
35688
35850
35868
34301
34241
34473
34474
34500
34545
34547
34568
34640
34644
34719
36170
36104
36087
36257
36258
36355
31793
31065
32026
32016
32014
32000
31964
31921
31914
31837
32071
32106
32143
32148
32170
32291
32341
32456
32464
32561
36838
36840
31181
31209
33160
33121
33099
33049
33404
33472
36455
36501
36540
36551
36555
36598
34988
34885
34842
35000
33660
34114
34109
34107
34081
34011
31240
31581
31642
31699
35122
35102
35205
35268
35288
35407
35413
35446
35819
35708
34335
34517
34553
34618
34635
34682
36116
35993
35957
36202
36253
36256
36334
36350
31741
32027
31959
32266
32509
32530
36882
33006
36434
36520
34930
33821
33920
31359
31499
31579
34753
36274
31755
31740
31772
32621
31016
31026
31044
32041
32035
32002
31879
32179
32342
32358
32363
32395
32401
32402
32404
32438
32455
32473
32537
32584
36785
36803
36861
31133
31161
31174
33102
33090
33086
33079
33023
33303
33323
33418
33439
33516
36398
36393
33742
33730
33729
33638
33618
33830
33864
33874
34104
34068
34225
31216
31267
31315
31358
31360
31453
31474
31506
31529
31631
31676
35128
35173
35292
35411
35451
35497
35810
35717
35690
35832
34427
34481
34483
34611
34641
34707
36155
36078
36005
35998
35960
35910
36220
36242
36310
31758
31809
30917
31002
31001
31061
32023
31953
31925
31908
31895
31888
31860
31826
31869
32098
32110
32122
32126
32149
32168
32208
32284
32298
32299
32302
32310
32330
32334
32367
32368
32411
32414
32443
32519
32544
32547
32560
36817
36834
36858
300953
36867
36898
36931
31093
31203
33243
33227
33170
33169
33148
33137
33105
33091
33089
33073
33061
33045
300601
33357
33462
33501
33532
36383
36480
36528
36584
36597
36609
34984
34951
34894
34884
34881
34836
34994
33664
33633
33619
33616
33545
33770
33785
33788
33789
33852
33854
33898
34132
34039
34023
34005
34000
33917
34141
34220
31226
31271
31321
31337
31413
31454
31526
31556
31593
31611
31682
31688
31694
35136
35117
37038
35291
35294
35296
35350
35351
35397
35402
35429
35492
35821
35759
35740
35736
35707
35847
35891
35897
35900
34395
34391
34370
34361
34349
34317
34300
34286
34404
34444
34482
34516
34566
34580
34643
34664
34684
34695
34717
34725
34745
36138
36128
36031
35997
35991
35985
35972
35919
35944
36204
36208
300908
36264
36301
36302
30951
31017
31033
31997
31984
32139
32449
36930
31172
33181
33531
36468
36498
36499
36585
36611
36636
34897
34993
33831
34125
34085
33962
34139
34152
34179
31215
31362
31546
31630
31710
35161
35249
35692
35676
34331
34501
34502
34594
36073
36038
36033
35951
31384
116744
35611
207891
203053
249865
107273
122843
108890
107281
109338
112348
108565
122078
114332
112473
109133
107502
111702
106675
110851
106585
110692
106603
108038
107674
113272
112587
106937
118793
107290
108258
108904
119664
122295
108981
109006
109545
110682
111845
112109
114859
107007
123822
115530
110882
117064
114783
117176
108448
109161
123726
126424
124017
108627
110818
112027
115983
110092
108625
114566
110433
106710
121521
116818
116822
116776
111506
112201
120620
111559
108814
107984
110584
111894
108887
109605
111797
106563
109538
110311
123666
111837
115750
113684
108142
113743
119584
198527
203458
216819
201633
198448
203049
201142
198113
198296
198968
201194
203335
228781
159276
110718
110719
110125
264496
201654
249290
247766
249501
201587
246790
110717
114552
120783
110720
110729
129236
121135
111332
121735
106775
110704
198449
199814
228756
198497
113352
110284
125567
111571
114878
111792
113569
114453
107876
113603
107251
107847
125011
107413
109610
114677
115154
109220
119624
113737
112606
115548
110992
115186
128350
128627
113870
223809
109172
112942
109314
124219
116117
108285
112853
120512
123008
116474
122971
111902
114452
107434
109931
113257
110340
111510
109072
110342
112118
111787
112741
114934
112122
111772
111719
114072
115800
116947
115912
117945
120830
121144
110810
112949
202071
126267
114418
230089
204341
223239
198108
234468
216429
222684
200551
201586
212522
222711
213263
124263
115889
125386
125384
107433
126102
63763
61868
57584
59071
67780
69288
57868
62106
63913
120866
111371
115488
127297
112884
120910
124789
114848
115195
112530
114263
106806
112751
113149
106889
108340
120362
109568
127354
108984
111232
112810
108888
108291
109428
118134
111897
116603
106725
108488
113054
115933
109426
111986
116272
113387
115301
111566
114679
116188
115137
108607
111520
111355
112783
108309
116235
113617
118085
119636
108019
112152
116015
111691
116513
119569
203055
199685
212408
212563
198445
203058
115297
124579
112108
119614
107166
115852
117924
108103
119538
115786
113100
111218
116194
107058
112666
115654
116496
117404
128398
128243
113128
108269
122024
116312
128304
131826
120730
124625
136430
116738
110811
108577
115795
111237
115265
116446
111076
111244
110119
111730
111251
112497
110257
115680
113791
124045
116317
123533
112351
122391
122339
111581
120993
131397
125928
121743
115126
110759
115425
108603
115448
115794
114757
108007
110252
110343
115838
116970
110955
122089
124110
122396
122497
122171
115362
119345
115283
115816
116144
111817
110734
260307
249534
259422
246575
248986
248332
263142
258226
247302
248756
246728
107068
107106
111762
106932
114522
111724
112519
119239
113348
113177
121486
122496
113983
116551
113006
112650
126399
111304
127739
110733
120249
120176
113852
116909
107211
116864
111391
124109
117349
121199
116301
123559
116881
108102
107710
115651
107533
116891
118869
121161
57710
64396
66178
62880
66917
61014
64408
58691
67188
68443
66889
78227
59989
68205
59114
68866
67206
60163
61394
67768
59242
59255
68907
64078
65194
62468
62681
58066
64525
64618
77850
68784
63549
65452
62625
625377
60191
65101
64531
65579
67702
70856
60572
61251
59238
69415
63503
62685
61407
66909
72623
62922
68130
248423
115871
112061
110790
119966
113227
112057
122838
110784
110795
114080
121308
113230
113231
113259
114642
114643
122828
116195
119724
110000
111674
111508
110029
109065
111668
119595
204238
108237
111351
118789
112301
113293
115900
108824
110129
109142
111856
112350
112717
117971
106880
111572
106739
111095
111573
111182
110969
110970
110971
111911
114253
110015
108376
107315
114209
112537
108957
112538
113126
115181
109189
111377
117178
118894
117474
115546
113367
108377
119054
122976
122832
112390
129283
120986
111742
108554
109145
115116
111567
108810
121140
246729
111313
106631
114729
114206
111347
111745
109131
116176
122761
116183
119667
116124
119324
117420
122237
121574
116350
119583
117343
119130
116335
114103
115079
119365
111774
120035
118985
120405
119258
107275
112882
123028
127206
124216
122930
117449
136855
127557
130809
128427
122288
110689
110693
110457
117477
114949
111680
107800
119504
113042
108601
107111
112911
132815
108162
117116
106799
111795
108964
127341
112173
122791
107107
111898
114563
117956
112182
107976
111043
116107
114411
114217
113985
122928
131280
19006
9663
4046
9236
13910
10462
33931
36331
35389
31743
32828
32897
32191
36702
36748
36828
33262
36457
36471
36492
33579
34091
34052
34016
33953
34133
31705
35089
35601
35518
34716
35928
34624
32826
36092
34448
35153
35799
34702
31232
36182
32238
34203
32529
36901
33180
33440
32643
33594
33470
31935
33239
31701
32094
32681
31788
31621
36061
34468
34528
33305
33637
31632
32737
33796
32692
32405
32431
31121
33220
33166
33136
33053
33280
33427
33606
35300
36123
36346
34153
33672
117294
116842
119246
114010
129569
122423
124307
115966
122667
111613
127507
118951
118893
125788
129628
125238
108238
109463
109465
109467
109466
121682
122003
113855
131069
120432
124770
120765
121557
122422
115972
123547
124327
114560
113041
116575
116129
120270
119612
120961
110822
125017
122403
112217
122142
121391
123225
129804
114524
116956
127530
127026
121106
119261
112804
116514
116515
115867
116303
124218
115044
117101
121674
116767
127078
125497
109456
109459
122410
131172
113245
107141
106829
129701
112864
121354
121119
126821
119473
116108
108347
112698
123987
124704
112503
112501
124826
113599
115552
115421
122779
109831
120754
116405
109447
109446
109445
109442
109440
124648
117652
122954
115015
118153
118154
119111
129218
117025
120445
120446
123875
109320
127223
120228
125039
107053
107052
120300
128288
118124
107200
124026
115149
117433
112505
113596
110825
123179
123909
109477
129208
121220
116840
108918
123630
120319
127805
122750
123213
110751
112132
117146
122294
123142
113647
110263
110262
114472
106828
109723
110924
112706
115360
115993
116248
116315
116647
116830
117273
118920
121304
122728
126915
127605
117408
119360
118963
575653
123125
113185
112211
116905
127927
114189
122904
109063
116467
107065
115821
107066
107527
116925
109515
120930
120509
113800
115193
122877
123315
106896
116783
203056
117333
112595
113038
115535
122543
110281
111665
119448
136015
189176
124117
122951
116994
116917
123035
127680
124543
125759
118127
123170
115184
126356
113758
119414
114873
111490
111507
121453
117968
107426
109999
119708
122964
120734
120732
111747
111748
116731
116241
117988
114415
114414
122048
125639
120718
112105
112797
116986
123498
122776
122528
113246
127395
117668
121316
112881
112382
109609
109064
128443
124412
111969
116779
117027
122999
115752
114865
116893
125239
127329
111447
111449
111450
111451
111453
120080
123562
122356
120889
120175
110033
130076
116974
112543
124465
120027
118945
114849
122173
116134
121235
121986
126284
119060
115164
107480
130343
132736
111438
122465
108585
120563
121945
121654
111514
109404
125822
110444
119697
115104
129022
121550
106717
119432
109144
112862
115219
124084
122085
114491
126828
128345
109476
115056
115054
111146
121695
115191
130198
106617
122495
116871
115341
121767
114089
120430
114306
128365
131515
114202
129838
119919
116060
119959
121642
127593
108154
116625
111111
115113
114794
127412
120725
124091
114798
110317
112358
110694
113123
125179
120654
124544
118802
118800
120424
123064
106914
120548
128401
121609
608294
113636
119730
123814
122501
127768
127769
122589
106699
111852
108289
111494
111799
111681
109938
112785
108009
113017
119609
115760
121649
117223
121884
115950
124493
112174
106807
112798
119965
125237
114114
112929
111362
108677
119386
109242
109341
125808
128990
117979
117518
111169
123791
112175
115569
108469
126414
570855
132490
117388
119553
113925
120078
119308
112084
213257
224960
215457
206176
203057
220464
215068
109319
113722
112730
126682
106798
111338
113020
109648
109279
121278
31600
35945
33386
35346
33485
36569
31623
35981
32385
32226
32049
35603
31054
36137
35801
32816
33605
35527
31585
34865
31619
34429
35103
35237
36390
34505
31258
36247
33713
35805
33503
32783
32454
34269
36525
32415
35841
36568
35675
34997
35739
36595
32929
33493
34302
31902
34990
35596
35066
34714
36919
36159
32663
32044
32396
31139
31610
35038
35251
34424
34747
35927
32801
31980
32129
32277
31187
33040
33315
36511
36516
36522
31352
31583
35256
35806
35795
34735
32657
32648
32705
32731
32782
31839
32219
32241
32432
32475
32549
36907
31111
31195
33131
33107
33424
33528
36534
36622
33675
34038
33925
31217
31361
31476
31570
31638
35476
35786
35829
35836
34599
34625
34718
36099
35980
36193
32718
32729
32780
32898
30931
30996
32053
31978
31945
31944
31893
32184
32206
32357
36874
36914
33193
33119
33087
33044
33014
33268
33319
33320
33328
33343
33436
33449
33453
36444
36481
36512
36539
36544
36547
36592
36623
36633
36637
33692
33842
33873
34024
34009
33978
31270
31383
31659
31700
31706
35115
35046
35084
35245
35329
35337
35344
35348
35380
35416
35772
35741
35738
34405
34520
34527
34712
35953
36351
34400
36353
31779
31776
32675
32726
32793
32815
32820
32832
32922
32982
30971
31987
31969
32166
32199
32200
32234
32255
32556
32581
36837
31177
31196
33240
33093
33078
33043
33339
33430
33431
33483
33519
36429
36458
36467
36541
36567
33744
33705
33652
33639
33786
33794
33797
33803
34046
34019
34004
34151
31295
31306
31323
31452
31657
35137
35101
35070
35211
35248
35254
35304
35401
35686
34308
34415
34550
34559
34729
36095
36082
36079
36066
36029
36022
36003
35973
36361
35452
34442
31115
202517
112184
31013
36869
33610
33889
32807
32871
31060
31862
32024
32564
32572
33340
34950
33628
34174
35194
35319
35726
35747
35964
36866
35338
35394
35077
30977
36889
32956
32479
36728
34438
33665
36036
31780
31030
36686
33253
33304
36413
35361
32870
36800
33644
34095
33958
34196
31338
31584
34238
34616
34654
36026
35543
31912
32829
32914
35336
36034
35333
35170
33724
35597
32625
31949
32615
31015
35613
36717
33074
33407
36605
32629
32135
36357
35159
35441
36175
33632
31417
36667
36043
31753
32655
32827
32946
30973
32011
32067
33212
33104
32996
33476
33492
36399
36456
36517
36626
34866
35001
33750
34131
33990
33982
31391
31690
35155
35068
35357
35623
35621
35612
35835
34321
34535
36083
36080
36002
35955
36226
36300
111890
109127
109128
107305
112906
122764
114768
119574
254914
58957
58563
59307
59350
59646
59853
60137
60919
60924
61200
61429
61778
62418
62529
63391
63982
64176
64179
65436
66071
68654
69991
71866
72425
69179
66261
247139
108083
109943
113731
121992
124185
116392
120795
110483
112499
112555
118119
124038
127666
130013
113022
115513
107001
107377
130719
107773
114275
117631
108895
115671
119312
109207
113899
123661
125910
118913
119741
112604
129118
119978
122817
114315
109583
116283
117712
134385
113945
112496
110895
122724
125266
115643
109481
110044
124455
125389
132126
132127
132128
132131
132132
132133
132802
117351
126640
120315
113920
110761
107216
119026
108363
123813
123602
131984
114893
116746
123601
1529413
3190771
124137
107435
35580
33971
33192
36752
33048
36641
31261
31135
35558
31369
32178
32961
33622
31738
32940
32273
36723
36751
36423
33706
34108
35230
35720
34366
33331
36543
34848
34833
33902
35229
34513
34710
35969
35725
32761
32177
32308
36391
36439
34158
34469
32706
32774
32786
31052
32042
31842
31834
31823
32127
32130
32158
32172
32183
32187
32188
32190
32250
32281
32338
32393
32418
32533
36856
33525
33529
36410
34981
34839
33738
33611
33976
33952
31552
35152
35098
35040
35206
35238
34385
34376
34310
34406
34413
34453
34475
34479
34480
36176
36154
36199
36337
34593
33041
34671
33765
34148
35706
35730
32606
35094
32237
36839
35420
31520
35239
33055
31652
33581
34116
34121
31234
35743
33062
35326
34373
35196
31471
34604
36903
33434
34744
33190
31681
35999
31108
31756
31919
33422
32346
31114
33554
32933
32959
36893
34915
34903
34891
34867
34859
34843
300773
300772
34999
33704
33651
33621
33600
33595
33757
33818
33848
33853
32688
34621
33475
36072
32523
33359
34966
31249
34675
36699
65488
60623
67356
58046
63896
62577
64732
63973
64590
57942
61787
63569
61159
68832
68952
68605
67303
64916
122921
115939
120469
125374
109828
107589
107154
115827
115826
107346
115825
114693
120903
108188
122668
119875
114588
116734
120956
123890
135676
120022
109223
109222
107457
107342
110474
116879
120864
122985
131544
122491
65453
61738
66140
108374
109503
106670
108122
106669
107788
114622
114555
112898
120369
106671
112878
106672
110089
110046
110056
110047
107587
110059
110090
110050
110051
125437
110066
110055
110084
124526
110070
110082
110087
120735
110083
110086
110904
114234
130796
111089
114236
110080
110306
109537
109536
114235
130489
120832
122050
110049
110048
106543
128444
125732
111129
123811
117461
133813
107789
120812
109504
106673
130923
123979
116764
122549
2740280
259271
121840
108099
199489
119497
116569
111105
206136
200851
204417
230648
231167
214914
231318
199490
201019
201021
215008
225482
230210
223461
212303
211250
228794
203364
230829
211216
232259
109233
109183
115802
125585
125421
125392
126092
107978
117645
119290
112770
120698
107611
114974
114973
122834
115159
120224
114097
113867
114368
247695
248471
203048
205693
111349
111834
36454
32224
34278
36173
36344
35204
123276
33384
35777
34466
35157
34403
33308
35635
35174
31929
31800
31850
34087
31551
32496
36863
36872
33026
35005
33591
33783
31319
35150
35059
34357
106702
122864
124584
121117
121651
208624
200648
203017
207842
197944
224977
223350
200296
200428
205938
202973
203010
203011
204880
207763
205106
207955
204613
107232
116484
107076
128798
121324
23768
8812
21059
16274
10089
29991
13754
17520
116237
123584
111800
120747
119559
111838
114333
125786
116545
120439
121134
110714
207952
203321
123839
123923
108542
109139
111543
123326
110164
127800
109710
125921
131647
131933
121850
113286
124089
113027
112353
109448
574599
59769
71397
65412
65174
61149
63566
58142
77369
63703
57730
60962
71972
58259
60158
62501
63241
65910
67817
68399
68665
68625
61834
62251
533979
70146
58786
1073112
62480
68313
59781
5462
111835
544691
199686
199682
116313
116985
108147
108148
120746
124938
112512
112608
120188
121508
116939
112938
110899
110911
116288
112574
124342
118056
124317
127909
128882
107867
609641
128344
107472
128863
110439
1208081
1207117
1208029
1210592
1210423
1206781
131523
676771
115545
121090
112249
111526
119560
121142
114863
111661
111170
111522
114463
112992
112988
112990
124195
107664
112993
116249
125456
123879
124652
124830
107383
109984
199367
158592
166203
158540
158946
159720
110772
114402
109125
112432
128353
112191
198760
207285
230634
214895
110752
117728
114571
126978
127002
139227
123018
110440
200404
59119
59529
62692
65165
70577
66943
59460
62158
65871
64139
63485
116521
247836
107228
109045
123565
113180
121828
112690
134995
111868
112316
111715
107321
109224
120000
120901
118095
212468
211769
216818
202839
228414
200113
200358
107135
120997
109897
116581
9243
278599
107861
208251
116681
111813
119564
1172002
111515
111516
110208
111511
119580
125985
119340
113056
35573
32157
33101
36766
33681
31891
32773
32806
32842
32949
34942
33897
34022
31439
31465
35146
35045
35078
35405
36229
36349
32864
30970
32052
31924
33203
33108
33046
36388
36451
35024
33753
33791
33817
33837
33839
33881
34097
34156
31298
31386
31442
31443
31462
31612
31661
35133
35179
35872
34328
34291
34290
34467
34487
34511
34617
36133
36129
36106
36101
36025
36207
106530
36360
32566
16911
247837
112919
113037
115784
119389
120146
122330
124400
133865
107140
278195
276075
276649
278517
279991
279934
275775
277311
276051
279466
279599
278249
276464
40682
46284
44914
43180
39640
278123
278981
278297
120233
62895
58937
59956
64552
68777
107495
115087
121630
115234
124670
107029
120890
127606
113142
127797
124361
124635
117194
126070
116709
114384
115350
107772
109268
115583
120908
118957
121267
128358
115769
116338
113219
126481
109360
125482
113108
109358
110126
119732
109917
111293
127059
116196
107700
123048
111334
131121
107856
108164
126287
126860
111328
113071
111327
106966
111373
125917
115006
116260
132001
111320
115388
119171
109148
108352
110187
112589
112590
119556
271348
117572
110438
107816
129015
117058
115310
112143
119479
114478
121180
112735
124087
115111
116680
126303
114625
111004
132390
123029
115021
121586
121836
113941
112354
111011
124083
108107
119344
116527
114732
127513
125441
126239
113134
107666
113622
122238
116805
116796
138657
125107
117136
120649
115046
113835
113992
116255
119686
106705
120129
120860
119616
126716
112686
115793
114360
121130
122329
120061
124985
121668
126512
114081
120867
108338
109278
115952
125313
123251
121792
123674
110191
114113
110190
124858
120042
123076
115131
121947
123097
119128
120360
121227
116413
120374
118022
112500
114303
108362
114466
114378
125621
111226
115554
115595
119702
113902
116941
107971
113300
115275
111488
114071
114688
117174
116686
122718
109339
116880
132255
118896
121633
114583
117526
121943
123541
111305
127333
115547
114660
114391
115205
231417
200417
217693
207843
211774
201030
208149
230211
202331
203593
213071
232634
220001
204877
204193
204323
119098
111806
118061
119029
124433
114388
107316
115010
123940
115789
569353
113277
107970
107297
124353
107621
109528
112246
114754
113717
107709
115081
126559
110339
115041
111141
111863
114166
112619
128613
70250
59388
68974
6918
27306
12437
17529
9313
24483
7297
7000
7589
8647
56
24155
29239
19589
24599
1976
2175
2557
3560
5703
6905
6993
7156
9889
14624
16972
20411
5894
15026
26620
6796
11840
21903
5569
14967
1592
15172
15203
17917
6289
26307
11196
19436
4106
26484
13455
19270
16340
23203
25600
19682
15289
2624
14460
21330
23426
26932
20577
29007
28097
21354
28057
23273
24379
3182
13543
15894
18112
18122
19420
25703
3055
20495
5648
14829
3543
122576
111580
229195
207786
199466
215022
229892
212551
201650
201658
218774
199059
21053
23890
17341
27473
22799
1687
17295
14934
13638
3830
14991
20901
24685
9064
16275
12699
2824
3859
14310
13914
24035
19007
12411
9673
4045
23633
9026
12034
13440
116651
128291
122401
109316
118809
114574
262737
247208
138665
124597
106878
139295
123203
123564
124658
124867
125185
130425
119655
117376
121657
123195
115584
118015
122094
108407
134170
127564
127436
3195698
130947
121148
114843
132114
110064
124503
112787
121093
113912
129990
110701
120281
108619
123536
110073
114449
115475
126134
110898
122446
122983
120938
119759
116992
113012
113254
127794
115163
119333
129176
127581
123716
124569
128579
121183
129021
120560
111120
131519
114358
111122
127509
134996
128874
113077
122306
106862
109315
117439
683765
199551
207707
215057
204506
216521
213838
201772
203141
202256
203084
227756
223834
215081
207832
199687
204923
219972
205110
215746
235704
216752
199706
202089
202238
201868
205045
224368
221151
229822
207661
225278
201704
203394
247131
248241
198809
199752
250025
202347
254403
255698
199894
236860
197926
215422
229346
229542
213542
205066
198926
231646
219707
214064
223553
204368
204746
208623
198472
229821
215120
223362
229685
232675
240639
229233
211846
223125
230663
122533
116184
116654
10236
16616
229919
118785
224853
219785
206679
119043
123244
119044
115892
110667
124659
125855
116428
124582
14722
2558
11970
120286
119638
127817
123968
115921
124166
109965
131346
114430
119991
106969
112701
126358
119297
117332
119293
121459
123567
116528
121430
128972
121599
115529
106712
14013
124488
124573
120876
129744
123126
116667
120293
121678
121946
121977
122582
123671
125463
129477
129821
122765
122006
124836
122820
122612
106647
120473
122455
107167
116000
127131
122093
115502
110002
126079
126666
126916
127335
130213
114129
112781
130870
128500
107985
130421
130711
124079
122573
124953
116826
111631
112306
126901
109284
109295
108222
106743
112909
132814
205013
114906
124226
122957
116220
122012
114834
219918
205756
208504
219664
212934
203318
234420
206549
200939
199742
234756
212898
211022
229626
1209973
60264
58141
67643
64249
58093
65587
58068
61498
65494
69809
117315
112688
126680
113322
119349
124646
114900
112145
111058
131889
112101
112053
110806
122376
120576
116726
114647
122565
114506
123508
129071
120348
119413
111783
125226
113818
106726
113598
116758
106819
123762
115161
935464
107019
115461
114710
122270
107031
117285
107133
107164
120358
126002
128456
107269
124043
120247
107491
107492
119579
124879
120949
123309
122441
115582
120854
115370
120936
115611
116927
121556
120514
121906
128805
122026
117270
122440
108975
121690
109346
110041
121191
121111
124506
117127
120190
120622
120515
121570
121271
131945
123932
112805
124913
125224
131365
124605
120831
118028
111116
114327
111782
111788
115693
128367
111562
111563
123178
120888
111736
123236
111810
114447
111803
110382
130066
120476
127880
116860
120810
114926
122507
114632
126704
120766
114748
125534
112529
121940
114469
112662
112680
116935
115830
116212
120954
124362
121716
116570
115501
120177
120879
116799
124238
114651
114650
120736
121974
128477
120186
120485
117659
120546
115895
121203
114528
113907
107838
107837
117568
121956
124308
125399
113408
111864
116703
117520
122525
119124
127651
120235
116706
108120
107545
107546
119327
108117
109913
251620
227896
20941
2935
6349
17041
25032
21112
2592
15315
14051
14918
119372
114455
116641
115721
107267
120212
127905
107332
114581
116561
116919
116743
122939
107997
108119
116714
120406
117359
115256
113574
116870
121726
116662
116395
126970
120407
116021
112937
116735
128297
111908
124019
107836
114734
115727
114889
121457
110874
113869
106849
108163
109898
115859
108608
109035
109186
109596
110176
124733
110384
122363
120457
114074
111917
118930
115468
112683
115732
124259
119635
116777
106788
120465
116092
110726
132000
112049
129677
108941
114618
112736
111234
122790
115506
120452
115005
115700
106867
114009
115459
115409
114937
108992
120962
107105
117480
118780
129725
130082
124044
130463
120939
115018
116642
116506
116360
123163
124762
124384
121328
116418
114856
122762
569917
109153
126024
131912
120959
127950
124531
118849
129749
123111
111010
116664
116948
127121
124009
116911
126318
115123
115103
131910
124908
116721
116055
119068
119543
116722
107920
116523
125037
130292
115861
127632
121913
121621
124545
122737
116872
123052
119970
108297
115218
121942
106821
123156
121593
135698
117503
115675
107142
121240
111554
123753
113055
124714
110078
124771
119650
122471
129503
123997
132020
111664
127397
120274
119545
115710
113725
126848
113614
125355
127996
106965
118023
608299
122973
107059
116793
114457
113801
117457
122878
107420
108487
113871
114730
116704
119918
121540
124189
123129
115125
132031
110897
129226
111585
107569
120260
116178
116559
111596
114972
116782
119298
123263
119358
110858
115269
110747
108189
116131
164838
118942
106686
121811
111690
116067
113250
115836
111408
318199
121009
124688
123172
202236
249216
251376
14601
20012
4511
111841
125451
223323
222817
221800
215287
221569
229709
12848
4595
5570
5302
115590
112189
228171
211430
199328
220238
676236
2365
10969
124517
122133
117406
122754
113170
115740
115897
118852
124516
108190
123812
132125
132134
611123
124458
118947
115403
108021
117168
120798
119524
111502
114401
123242
120623
117365
120998
119716
120330
120584
127687
121488
129720
121601
112655
126346
132670
127075
123070
116520
114667
115926
136335
112299
125213
115038
126627
112346
128927
112711
114331
113114
113159
114329
114330
113349
110497
123307
111059
121504
131362
106790
111527
127702
119967
108161
111525
111524
116963
110845
110848
111595
125362
109540
109552
122660
110624
109238
121604
125586
126099
127094
128797
121759
113398
124982
122476
115758
113521
113499
126986
111432
116727
112553
128978
122913
126844
128392
122798
127811
131219
113519
111113
131165
118987
121600
131375
126996
127070
1529384
127018
116192
111136
126501
131462
122220
116421
115911
114207
123257
114261
122661
108193
109651
116154
122477
113268
125007
112659
107120
114245
109367
115282
115774
107663
111819
111643
202030
112874
109881
109884
109896
129378
133716
107285
130297
119359
130153
116938
72842
42484
1250619
15116
125513
124273
123873
128521
110756
117972
118016
124639
121643
110446
114654
124228
125373
123902
125349
106540
113858
116526
115815
124380
106981
116148
114371
131981
120503
116902
120681
121988
108584
108583
113727
113534
107603
114136
112565
128971
112663
119084
111492
120534
114485
124068
129692
124247
108284
200362
113399
122218
127061
120496
114909
108016
608308
130655
126601
112023
118833
124027
123732
120264
935003
26717
221155
199408
218525
207810
212354
206169
23132
17252
17933
20090
17446
3887
14764
24028
22640
13728
13689
23503
7200
23238
29105
6851
2525
25708
15305
15180
19498
2728
17938
9368
7766
7759
26352
2127
19863
26212
15022
1459
29647
14159
17143
5841
111858
106667
117549
124754
116627
116056
119056
116443
122056
132266
109701
208297
119055
122290
168115
122084
115694
116282
128397
111250
120529
126103
114302
129661
114143
112681
165044
173880
122734
124504
125593
107398
197950
204912
219843
200918
208338
205933
256960
248591
20004
21518
11120
14001
23045
23709
132179
132642
111112
124722
112287
117495
114174
126377
122837
126180
120304
127990
113549
612563
122950
124118
112200
129858
3192470
113555
121806
251145
132839
129048
109478
125974
127466
117419
120685
113493
126995
136446
131222
609637
125761
609649
609643
609653
126177
935205
119668
120971
123153
121439
120822
111489
108854
119077
119815
109954
109953
117217
122382
109714
108095
107851
114363
110247
110673
110235
110402
109734
109732
112307
107040
107854
121831
115526
109715
111302
121397
119735
119507
111731
121612
119710
116657
109066
123803
110253
115017
112679
136368
112020
123193
112965
106690
118093
117716
106852
124619
115720
109911
120604
110324
112719
113295
127043
106770
115465
109431
111495
108373
119526
120821
114805
112513
127495
111685
115982
124467
115717
116812
116175
112408
113995
128415
117070
107229
107227
113221
119529
117029
116388
248895
198962
208000
206130
199255
249816
248673
204930
236490
110035
111820
112771
112966
113896
115063
117352
118086
120665
121555
12820
13770
3506
1962
29032
4177
14050
114576
115532
110341
115869
106785
120502
609064
112542
115845
115048
123200
110031
109372
119069
113620
115024
109082
115143
116904
130469
122315
120582
117348
135454
128190
130627
119707
129062
131687
126579
128918
109861
128876
117757
119542
120307
108451
131136
106857
110588
106550
116304
113220
111055
108899
109234
107388
115701
117048
111684
114551
279962
59700
62262
67090
67136
58876
58994
64387
69357
597425
248132
198231
116630
128206
123329
122536
119420
119717
117581
121830
118937
107431
107427
119489
118078
120573
124797
110171
106902
122301
116660
109132
116808
1529138
115493
576069
114682
107083
117411
119309
107983
128216
114662
116869
108166
115185
120601
122155
121573
123527
119405
114573
121673
123514
115109
120163
117052
299853
109429
108004
112063
128177
119477
120223
108192
116697
122378
120843
129129
113735
116020
128947
110678
113099
120020
114952
116846
131980
108080
106541
127531
122723
114577
121603
115424
106872
107215
107268
107499
110416
112163
115913
117465
128769
108797
109205
109270
124439
115385
109721
109754
118664
109928
114139
123919
110030
126903
119227
119506
118797
122180
122442
110748
110754
111142
128154
111314
118151
111656
111660
111662
111666
111673
111689
112055
112066
112096
112120
112124
112131
112138
112142
113990
112475
115841
112585
115213
119615
114802
122785
123715
110230
116790
111321
114416
113234
119042
121389
111642
107780
107775
123893
106665
107612
107869
107870
116555
109786
576089
118179
123603
109835
119666
109868
107006
117124
108187
114836
111460
114003
115677
120531
115692
117493
115411
118158
113195
119252
118958
125247
115407
114390
113125
122269
115681
123188
123280
122447
115909
118974
126831
124910
117550
111157
125956
121805
113374
118125
127213
128223
123939
111123
119332
111744
114867
126347
119269
121145
114771
130382
129693
126849
106844
115712
127773
106931
113650
135624
3190525
136630
113965
110079
117593
199257
198630
232234
246583
246573
250867
250145
11118
11116
18989
4617
2854
13128
3816
126223
125406
122518
128736
131921
109264
673849
132835
122923
35272
35232
34499
35817
34600
15136
16801
9982
9981
198460
107235
109289
122182
231572
211377
207684
216712
200208
215306
211324
202583
207998
230668
207984
198208
205771
202366
211607
213679
115839
116206
107776
114636
114242
120419
114026
120508
111279
115454
117107
124065
114221
114225
123016
110910
108436
117191
114744
112528
124547
119999
112678
121542
120724
114747
109930
112712
115337
108171
128873
115522
118938
109929
115753
112664
5138
3857
9516
568672
114507
1183415
250051
60814
62511
64300
60194
60840
62590
60841
60891
576309
10163
138
2597
13814
14568
2216
2345
2958
4960
18244
4047
26821
676550
46651
39525
41235
46650
54388
40997
56866
37913
42360
44476
107245
111582
127748
110154
122917
120874
119408
121382
117278
114106
113238
126420
128977
118877
116597
115665
121552
120388
115257
119161
125818
119982
121264
115244
114610
115759
116503
110168
110725
106982
109766
122924
123990
107246
4523
59117
66687
277566
277944
278511
278722
278761
64423
62607
65208
61893
61062
69379
65865
61556
61366
59821
57554
58124
68169
67191
61346
63046
35546
32741
36407
33027
33226
31843
33063
36473
35164
35082
34337
34486
36865
203050
214392
211942
212436
198865
207732
220648
211271
202950
223149
36529
34908
31704
35169
35037
35286
35360
35765
60754
57980
67411
57887
65945
70148
65432
61209
60900
67871
1246301
128144
114840
113258
127820
205085
201660
21047
9511
20945
206004
230837
198450
858093
279759
275618
107278
122949
123347
230864
1228743
1218833
1220357
248464
249680
246554
275016
10273
4160
18276
218320
125043
124015
114983
112097
122289
208548
247896
263744
255320
116696
107607
112950
268753
121218
116934
116730
110107
129788
125982
108552
117541
107117
111344
108860
108891
121300
116912
123074
114239
130045
111083
119984
123139
110750
128640
138656
110141
129116
218809
126006
219219
231837
212415
208190
808469
252047
99806
230896
198405
205072
229752
237632
229580
127010
116244
122597
109643
211799
120770
118917
120964
116023
221967
203528
221041
19494
27977
15984
21937
14678
7854
6494
21694
18047
121995
116817
108350
110954
122327
120794
122144
107248
29217
4318
4607
13117
15260
276563
276568
275367
68470
232816
207685
214627
279203
279278
279068
277557
279797
279833
278795
279847
280593
279796
4268
16748
29552
275487
1172361
248582
201656
676515
676677
21571
289
14459
13731
18187
4555
17479
10399
27128
28180
19667
272510
204239
4076
41359
676425
675104
71025
61385
68618
58962
231206
1208935
1210211
1210212
1210180
1206042
1206136
1207122
1207332
1207988
1208850
207322
224948
214923
230419
248435
40148
49611
43192
40643
38348
40431
42202
37951
45711
38836
40511
39497
46508
798097
794999
237788
255962
124687
258584
127107
117130
120946
109997
117483
115327
110494
120896
116771
110192
112325
119534
120428
120700
121498
107765
116652
123072
113282
130149
112669
114860
115096
115757
131941
199076
229527
24596
128525
120127
127897
109727
122972
111283
106715
111092
125478
213379
228357
205029
246986
211538
228760
121216
127872
111150
112748
18285
6866
29027
2226
124886
125022
125490
123009
116968
122846
121249
110431
107963
125866
121937
128248
120459
124988
608722
107774
107764
111424
120513
107109
114141
126785
126237
12623
229961
219445
215722
111127
119851
224458
122918
119535
124095
115445
114438
121512
115330
277342
20781
276448
24547
277062
275967
115152
278587
279511
277635
277797
275932
276060
279762
279012
278506
278023
276539
276365
278390
279312
279703
278281
279169
278571
279008
676768
111005
114638
41911
38287
31518
35392
36513
31099
31353
32874
31884
32436
36750
31110
33468
34863
31299
31301
31648
35264
34367
34648
36223
32671
31058
32483
32517
31128
31123
33172
33245
33264
33298
33312
33363
36397
34954
33709
33790
33882
34161
34226
35160
35316
35422
34426
34478
34577
34579
36065
36231
36241
61991
44568
47087
1241130
676316
676449
676708
45570
45702
52206
45226
39930
46043
42420
46540
44232
45844
46238
45113
795940
45988
51118
45738
44988
37228
38700
45461
57390
46304
42648
813562
9559
3153
126371
118169
214638
106586
106633
106980
107604
107622
107760
108605
108606
109033
109044
109391
110147
110233
110245
111723
112385
112508
112642
113357
113854
115162
115273
116386
116645
117573
118892
118899
121005
121034
121425
121895
122984
123318
124542
124548
124661
124855
126584
127431
128092
130345
109352
213517
15575
23640
7869
27112
5515
63026
66976
63093
61277
63586
64637
65815
68484
2645
15199
272013
