236700
230676
60145
198471
202370
279065
277930
115976
111471
111466
125182
107497
43683
202205
198470
202323
98902
116757
106596
121996
107263
27931
13572
202861
199688
198431
276316
37112
198041
275831
275624
115009
115076
115333
114164
115773
20424
17769
12774
198473
199049
197951
110145
115429
116456
114985
112586
112980
1247107
182329
112193
676764
247770
107276
674968
112187
279474
107244
110716
112188
112185
34647
32813
203053
249865
107273
203458
203049
159276
110718
264496
201654
247766
246790
110717
198449
106602
202071
110719
63763
110128
111372
203055
111575
126617
248986
246728
107274
57710
68443
248423
115871
204238
111351
111774
107275
108601
112179
107976
115670
19006
4046
33931
112194
112183
203056
117333
189176
112181
112595
112186
203057
112190
35945
34997
202517
112184
32650
111890
254914
58957
247139
106603
109481
35739
31779
65488
58046
107496
65453
108374
199489
109233
109081
107978
247695
248471
203058
111349
33144
33303
106702
203048
208624
121324
8812
110721
207952
123839
62106
176895
544691
116985
1208081
113286
111526
248359
112988
199367
159720
110979
112191
207285
109448
200404
58563
63485
247836
107228
121828
110978
201875
107135
1172002
111515
32432
36360
15645
247837
112919
106604
278195
40682
278981
120233
62895
107495
116338
111328
112587
111888
113992
111371
111887
112351
107231
70250
6918
11840
5569
14967
1592
16401
25703
122576
229195
212551
221886
17699
17341
13754
116651
262737
132815
123203
125313
122306
683765
201658
199490
201772
203141
202256
199687
202238
199752
250025
202347
254403
255698
199894
198472
240639
211846
125351
10236
229919
118993
224853
219785
123244
14722
11970
120286
115529
224977
1656
120035
130711
124079
124625
132814
212522
208504
219664
234420
206549
199742
234756
212898
211022
229626
1209973
67780
117315
124646
120576
128692
127651
251620
227896
20941
14051
119372
129503
127397
122093
122973
124189
114622
124712
202236
249216
251376
4511
125451
223323
229685
215287
9666
128065
228171
199328
676236
10969
124517
124516
118947
121955
120330
121488
124433
126627
124017
111527
122006
122660
125586
116421
115911
115774
115646
123676
124273
119334
124247
123216
122533
123732
26717
221155
221151
17252
20090
119054
122056
116138
197950
219843
208338
205933
249311
248591
20004
11120
23709
121142
119560
119077
119815
119043
120362
119044
119098
119055
119056
119732
114863
121439
248895
208000
206130
208297
249681
204930
9673
3055
3506
1962
29032
14050
121840
119069
139275
115467
119542
116304
109234
117048
279962
59700
64552
248132
199408
116630
119042
118179
119666
107977
200851
249534
205110
11118
11116
4617
3816
126223
131921
673849
132835
124090
35740
15136
198460
115839
9516
568672
1183415
250051
68205
576309
10163
2597
4047
676550
46651
46650
107245
107261
107246
4045
59117
277944
62607
68974
69379
33470
203050
33343
57980
1246301
127820
205085
201660
110720
17520
202839
198450
858093
107278
230864
1228743
1220357
275016
18276
218320
124015
208548
247896
263744
255320
116696
268753
116730
218809
126006
219219
808469
252047
99806
230896
234501
229752
229580
127010
206679
122597
221967
221041
208623
19494
27977
6494
121995
29217
13117
15260
275367
68470
19682
4607
232816
279203
4268
12411
275487
1172361
248582
201656
676515
676302
19007
28180
272510
204239
4076
41359
676425
71025
231206
1207263
207322
248435
37951
40511
798097
794999
237788
214627
255962
124687
258584
127107
116771
131941
228794
24596
127897
130297
213379
228357
205029
228760
121216
127872
18285
23025
124886
125022
124670
12623
219445
224458
122918
122773
277342
20781
276448
58937
24547
277062
275967
115152
278587
676768
111005
38287
31518
61394
61991
65208
40997
1241130
676316
676449
676708
39930
795940
51118
46304
813562
9559
3153
126371
19214
214638
214028
213517
15575
23640
7197
7869
27112
5515
61149
2645
13284
272013
